camera_matrix:
- - 1.6426397653158067e+03
  - 0.0
  - 7.8897118097123575e+02
- - 0.0
  - 1.6601076650495079e+03
  - 4.6026690807946864e+02
- - 0.0
  - 0.0
  - 1.0
dist_coeff:
- - -8.2856776288088962e-01
  - 1.5636941853688708e+00
  - 1.0590052486881927e-03
  - -1.0098777161365176e-05
  - -1.7649998191137501e+00
