camera_matrix:
- - 1434.9740821780283
  - 0.0
  - 975.7018845233877
- - 0.0
  - 1435.1452853025287
  - 600.0420658090129
- - 0.0
  - 0.0
  - 1.0
dist_coeff:
- - -0.3971469588805837
  - 0.20945186388172768
  - 0.001662453477338731
  - 0.0008976467271580946
  - -0.0636719281881367
