camera_matrix:
- - 1.2390907965881916e+03
  - 0.0
  - 9.4888129675955486e+02
- - 0.0
  - 1.2506442738370611e+03
  - 5.5733765618885025e+02
- - 0.0
  - 0.0
  - 1.0
dist_coeff:
- - -3.2946541104234972e-01
  - 2.3475740188358263e-01
  - 7.9314925751950902e-04
  - -9.8833043278363330e-04
  # - -9.4356132306998602e-02

