camera_matrix:
- - 1230.36405
  - 0.0
  - 640.760204
- - 0.0
  - 1232.94368
  - 368.662577
- - 0.0
  - 0.0
  - 1.0
dist_coeff:
- - -0.66242791
  - 0.97046633
  - 0.00117684
  - 0.00358132
#  - -0.82823956
